2063
2109
2077
2100
2096
2174
2234
2292
2352
2404
2449
2496
2522
2543
2550
2551
2528
2507
2481
2438
2384
2327
2260
2192
2145
2124
2123
2129
2109
2101
2065
2049
2033
2053
2078
2136
2209
2281
2347
2408
2442
2455
2451
2425
2416
2352
2316
2273
2229
2193
2158
2132
2110
2125
2153
2177
2195
2224
2246
2263
2308
2356
2403
2487
2564
2611
2659
2691
2701
2680
2656
2609
2552
2485
2409
2339
2275
2200
2132
2063
1993
1989
1986
2001
2002
1974
1965
1954
1968
2009
2095
2203
2324
2450
2574
2670
2733
2771
2784
2750
2709
2649
2581
2524
2455
2385
2309
2221
2145
2085
2038
2003
1983
1967
1961
1980
2015
2072
2149
2220
2285
2339
2391
2425
2431
2424
2415
2396
2378
2353
2357
2353
2334
2322
2297
2261
2229
2205
2205
2211
2211
2217
2227
2186
2196
2213
2247
2304
2370
2427
2499
2552
2593
2608
2610
2585
2508
2488
2429
2368
2303
2225
2152
2058
1977
1916
1889
1868
1888
1917
1978
2045
2113
2203
2284
2373
2452
2532
2608
2673
2719
2745
2765
2750
2721
2682
2609
2537
2444
2343
2241
2153
2084
2040
2027
2036
2061
2063
2043
2025
2012
2003
2028
2081
2153
2249
2343
2459
2565
2661
2761
2840
2893
2925
2926
2909
2883
2811
2726
2631
2537
2442
2357
2295
2249
2213
2164
2121
2092
2074
2092
2124
2190
2272
2332
2391
2423
2436
2420
2393
2346
2295
2249
2193
2138
2081
1993
1923
1849
1777
1737
1721
1731
1763
1781
1803
1836
1869
1929
2057
2140
2272
2390
2523
2627
2697
2745
2766
2763
2747
2712
2672
2621
2569
2497
2424
2341
2265
2171
2124
2089
2056
2035
2028
2016
2020
2029
2078
2133
2181
2252
2325
2367
2402
2427
2439
2431
2439
2441
2440
2457
2459
2447
2423
2387
2345
2301
2277
2274
2283
2288
2288
2276
2263
2263
2265
2297
2351
2409
2483
2549
2599
2647
2665
2660
2624
2585
2529
2452
2377
2301
2227
2185
2144
2122
2111
2106
2126
2134
2142
2149
2146
2209
2259
2344
2439
2535
2626
2699
2749
2778
2784
2764
2737
2685
2637
2571
2509
2437
2349
2267
2185
2112
2043
2003
1984
1977
1971
1954
1931
1935
1987
1989
2042
2113
2177
2220
2303
2351
2376
2361
2388
2416
2425
2437
2475
2541
2493
2471
2448
2391
2325
2285
2245
2214
2179
2137
2113
2086
2082
2098
2130
2189
2252
2313
2367
2394
2423
2409
2385
2351
2312
2266
2221
2169
2114
2048
1980
1901
1838
1798
1793
1807
1841
1864
1895
1945
1967
2061
2172
2301
2441
2574
2705
2803
2884
2943
2973
3009
2977
2948
2921
2874
2814
2750
2665
2571
2476
2376
2310
2256
2223
2186
2147
2129
2048
2030
2056
2049
2094
2148
2201
2247
2292
2313
2327
2331
2312
2285
2269
2256
2276
2255
2268
2275
2272
2269
2266
2286
2305
2322
2323
2300
2288
2289
2298
2342
2389
2436
2499
2536
2563
2588
2580
2576
2546
2508
2471
2419
2368
2294
2229
2143
2060
1983
1937
1936
1905
1893
1888
1881
1887
1934
1985
2066
2165
2288
2412
2541
2657
2775
2868
2934
2981
2994
3005
2955
2890
2806
2701
2585
2469
2359
2272
2208
2169
2134
2078
2043
1986
1953
1964
1973
2007
2061
2131
2166
2215
2252
2280
2269
2261
2243
2204
2185
2121
2069
2010
1976
1945
1937
1945
1972
2034
2077
2102
2128
2154
2185
2232
2301
2381
2467
2544
2616
2681
2723
2750
2758
2761
2720
2683
2625
2548
2448
2353
2256
2154
2077
2024
2000
1994
1990
1978
1969
1953
1987
2040
2131
2233
2379
2513
2631
2737
2829
2889
2923
2937
2919
2876
2776
2730
2627
2514
2388
2278
2155
2043
2005
1894
1843
1799
1768
1751
1772
1813
1872
1939
2039
2112
2190
2243
2291
2321
2335
2368
2404
2455
2517
2543
2559
2541
2499
2447
2400
2355
2332
2334
2331
2308
2260
2208
2172
2125
2123
2153
2220
2285
2377
2451
2512
2539
2569
2566
2547
2512
2468
2407
2342
2265
2189
2113
2029
1997
1997
2028
2064
2110
2134
2155
2193
2233
2295
2377
2453
2537
2591
2649
2691
2691
2689
2665
2636
2583
2532
2469
2408
2313
2253
2169
2085
2007
1953
1922
1914
1919
1929
1943
1928
1957
2004
2082
2174
2321
2464
2645
2741
2849
2923
2961
2981
2961
2924
2852
2781
2697
2601
2515
2408
2311
2225
2157
2104
2042
2013
1984
1961
1976
2009
2081
2151
2244
2296
2363
2416
2457
2504
2549
2593
2631
2661
2668
2652
2610
2537
2433
2353
2229
2134
2080
2052
2045
2027
2004
1979
1944
1913
1928
1958
1985
2072
2140
2207
2256
2288
2295
2281
2260
2229
2196
2166
2137
2107
2058
2058
2048
2045
2061
2084
2132
2173
2197
2226
2244
2274
2295
2324
2367
2412
2443
2513
2521
2544
2553
2549
2535
2499
2460
2419
2365
2295
2235
2163
2092
2025
1989
1985
2001
2028
2065
2100
2141
2191
2269
2355
2433
2553
2650
2715
2799
2841
2853
2845
2813
2781
2737
2677
2620
2547
2492
2390
2305
2228
2156
2124
2093
2068
2071
2056
2067
2080
2123
2196
2274
2376
2457
2535
2604
2674
2717
2737
2731
2707
2660
2596
2528
2448
2341
2233
2127
2039
1967
1917
1896
1947
1953
1941
1930
1925
1925
1952
2005
2068
2137
2212
2275
2331
2379
2417
2451
2469
2509
2541
2565
2561
2548
2508
2458
2397
2332
2281
2229
2205
2164
2145
2137
2149
2194
2237
2295
2361
2421
2467
2512
2531
2535
2520
2498
2449
2397
2336
2278
2224
2165
2114
2081
2055
2044
2062
2101
2141
2168
2170
2163
2145
2156
2188
2222
2297
2381
2453
2524
2579
2622
2633
2641
2620
2583
2531
2488
2431
2365
2288
2233
2148
2078
2033
2025
2019
2049
2067
2099
2130
2182
2236
2296
2359
2433
2523
2569
2617
2647
2661
2652
2624
2586
2535
2474
2421
2348
2302
2218
2104
2041
1985
1963
1974
1999
2004
2012
2018
2021
2039
2084
2148
2226
2328
2425
2543
2625
2691
2747
2765
2749
2733
2689
2631
2576
2501
2421
2327
2248
2174
2124
2097
2083
2081
2078
2085
2152
2160
2204
2251
2317
2364
2409
2449
2489
2515
2527
2537
2541
2535
2521
2491
2445
2393
2307
2211
2150
2110
2095
2095
2100
2101
2073
2049
2011
2008
2021
2049
2123
2192
2261
2317
2365
2402
2417
2380
2396
2369
2331
2313
2281
2250
2217
2187
2160
2137
2133
2143
2154
2165
2179
2197
2221
2253
2297
2351
2397
2453
2515
2569
2613
2644
2646
2632
2599
2558
2501
2447
2386
2316
2243
2161
2088
2025
1996
2013
2059
2108
2139
2175
2197
2219
2245
2295
2360
2424
2479
2556
2605
2641
2650
2652
2635
2601
2569
2525
2469
2417
2347
2290
2209
2137
2089
2037
2012
1999
2000
1999
2009
2043
2090
2161
2253
2348
2453
2541
2617
2672
2693
2704
2681
2640
2577
2513
2454
2384
2301
2235
2141
2075
2029
1981
1985
1999
2021
2040
2046
2046
2045
2048
2088
2140
2218
2325
2421
2512
2607
2666
2713
2733
2748
2725
2716
2685
2639
2575
2504
2417
2327
2247
2184
2128
2089
2043
2014
2000
2001
2027
2069
2129
2199
2261
2325
2359
2402
2425
2433
2461
2493
2487
2497
2501
2449
2439
2369
2295
2219
2149
2104
2090
2083
2075
2068
2051
2035
2027
2055
2095
2145
2209
2295
2361
2413
2455
2475
2476
2460
2438
2408
2394
2361
2339
2313
2289
2257
2225
2201
2197
2205
2217
2234
2238
2245
2251
2288
2320
2371
2421
2480
2531
2578
2599
2624
2634
2589
2541
2491
2425
2353
2274
2194
2125
2073
2032
2017
2077
2089
2143
2181
2193
2184
2169
2180
2200
2251
2323
2406
2485
2576
2640
2684
2693
2684
2654
2610
2554
2492
2409
2336
2267
2181
2104
2038
2005
1979
1961
1952
1957
1967
2017
2083
2170
2272
2381
2484
2585
2664
2720
2743
2744
2731
2691
2645
2573
2501
2422
2325
2217
2140
2046
1955
1919
1914
1936
1956
1965
1960
1913
1895
1885
1909
1976
2049
2155
2272
2401
2512
2613
2677
2720
2732
2713
2683
2643
2603
2549
2485
2407
2330
2253
2183
2149
2120
2122
2089
2091
2111
2140
2187
2234
2287
2343
2409
2469
2544
2592
2657
2681
2723
2723
2708
2677
2628
2564
2476
2384
2313
2229
2179
2160
2161
2160
2135
2106
2063
2030
2016
2024
2061
2114
2196
2269
2333
2393
2457
2469
2496
2510
2528
2540
2531
2526
2495
2457
2396
2322
2253
2188
2144
2092
2103
2082
2081
2086
2118
2151
2198
2266
2297
2346
2389
2435
2417
2409
2396
2357
2317
2277
2249
2213
2178
2145
2130
2100
2081
2080
2117
2147
2189
2213
2213
2198
2164
2144
2134
2145
2191
2238
2297
2382
2457
2487
2509
2519
2510
2484
2459
2409
2363
2298
2236
2181
2125
2076
2064
2047
2059
2075
2109
2145
2203
2277
2347
2421
2505
2583
2643
2695
2735
2755
2751
2727
2689
2635
2569
2501
2421
2343
2313
2185
2110
2044
1977
1961
1974
2009
2063
2097
2133
2157
2203
2253
2313
2397
2468
2547
2609
2676
2717
2735
2740
2729
2690
2649
2604
2545
2482
2409
2321
2213
2118
2016
1963
1929
1917
1907
1912
1905
1943
2014
2104
2213
2333
2458
2579
2672
2742
2791
2784
2804
2777
2727
2661
2593
2505
2408
2292
2208
2088
2001
1933
1901
1888
1856
1875
1855
1829
1792
1799
1816
1876
1961
2077
2229
2382
2533
2659
2770
2832
2868
2860
2826
2765
2700
2589
2505
2394
2290
2182
2083
2026
1984
1946
1921
1902
1896
1909
1949
1999
2071
2149
2230
2309
2379
2457
2538
2609
2663
2689
2717
2720
2657
2599
2512
2413
2310
2206
2121
2075
2048
2043
2041
2032
2018
1996
2004
2022
2043
2085
2144
2217
2287
2342
2371
2417
2435
2449
2473
2503
2540
2564
2574
2569
2537
2489
2423
2365
2312
2279
2247
2211
2184
2183
2189
2221
2264
2315
2365
2411
2465
2504
2523
2531
2517
2488
2439
2383
2329
2273
2217
2171
2139
2122
2113
2108
2126
2164
2192
2221
2215
2228
2223
2227
2240
2263
2307
2360
2420
2483
2547
2592
2634
2641
2633
2607
2565
2523
2469
2389
2315
2232
2158
2080
2041
2029
2033
2061
2068
2096
2135
2188
2273
2347
2431
2514
2583
2627
2663
2686
2702
2662
2635
2592
2540
2473
2411
2341
2263
2175
2101
2025
1968
1944
1951
1945
1953
1957
1969
1985
2036
2110
2215
2307
2433
2553
2659
2733
2801
2833
2838
2809
2786
2706
2640
2565
2485
2402
2318
2221
2138
2070
2021
1972
1923
1889
1865
1863
1890
1924
2000
2089
2181
2304
2425
2544
2653
2743
2798
2816
2796
2743
2675
2569
2451
2325
2205
2094
2003
1931
1898
1913
1925
1946
1953
1941
1932
1928
1933
1965
2009
2067
2135
2196
2276
2345
2430
2515
2581
2651
2692
2704
2692
2650
2577
2497
2401
2304
2224
2165
2127
2101
2093
2065
2037
2041
2059
2095
2152
2225
2313
2378
2443
2483
2500
2484
2457
2412
2379
2344
2336
2313
2296
2273
2219
2179
2140
2140
2157
2185
2215
2193
2221
2211
2212
2231
2264
2316
2378
2447
2506
2561
2596
2617
2599
2571
2525
2471
2414
2357
2301
2243
2220
2158
2115
2088
2086
2103
2108
2110
2132
2153
2177
2237
2303
2378
2452
2525
2605
2659
2711
2711
2706
2683
2631
2574
2511
2448
2379
2301
2217
2135
2064
2017
1997
2009
2043
2073
2088
2100
2125
2156
2215
2284
2373
2465
2547
2627
2681
2720
2738
2716
2676
2638
2577
2524
2461
2403
